suma =

   3.164939   0.369087
   0.369087   0.043042

suma =

   3.6271  -0.4062
  -0.4062   1.3437

suma =

   4.7343   0.5636
   0.5636   2.1932

suma =

   6.4424   1.5253
   1.5253   2.7347

suma =

   8.3358   2.1607
   2.1607   2.9479

suma =

   8.4443   2.0654
   2.0654   3.0316

suma =

   11.0696    3.8109
    3.8109    4.1922

suma =

   11.5980    3.3413
    3.3413    4.6096

suma =

   12.7934    5.2301
    5.2301    7.5942

suma =

   20.8007    4.7935
    4.7935    7.6180

suma =

   20.8373    4.8878
    4.8878    7.8612

suma =

   22.3923    6.8912
    6.8912   10.4423

suma =

   23.6104    6.6904
    6.6904   10.4754

suma =

   23.6104    6.6801
    6.6801   15.4978

suma =

   23.6211    6.9746
    6.9746   23.6480

suma =

   27.0036    7.4344
    7.4344   23.7105

suma =

   27.5612    8.1559
    8.1559   24.6443

suma =

   28.5240    6.9277
    6.9277   26.2111

suma =

   28.5730    6.9152
    6.9152   26.2143

suma =

   30.6643    9.5297
    9.5297   29.4827

suma =

   32.1923    9.0225
    9.0225   29.6511

suma =

   32.1947    8.9892
    8.9892   30.1199

suma =

   32.3132    8.9763
    8.9763   30.1213

suma =

   32.5092    8.9827
    8.9827   30.1215

suma =

   32.7171    8.2430
    8.2430   32.7542

suma =

   33.0052    7.7995
    7.7995   33.4368

suma =

   34.0012    8.7478
    8.7478   34.3397

suma =

   34.7415    8.3784
    8.3784   34.5240

suma =

   38.5372    9.8026
    9.8026   35.0584

suma =

   38.5950    9.8360
    9.8360   35.0777

suma =

   39.2076    9.2928
    9.2928   35.5595

suma =

   39.2117    9.1765
    9.1765   38.8032

suma =

   39.6623    9.4304
    9.4304   38.9463

suma =

   40.661   10.215
   10.215   39.562

suma =

   42.595   11.838
   11.838   40.925

suma =

   42.608   11.882
   11.882   41.075

suma =

   43.227   11.483
   11.483   41.332

suma =

   43.697   11.918
   11.918   41.735

suma =

   43.939   12.207
   12.207   42.080

suma =

   44.893   12.796
   12.796   42.443

suma =

   45.107   13.441
   13.441   44.385

suma =

   45.139   13.452
   13.452   44.389

suma =

   49.585   16.368
   16.368   46.301

suma =

   49.784   16.970
   16.970   48.123

suma =

   50.114   16.969
   16.969   48.123

suma =

   52.245   14.350
   14.350   51.340

suma =

   53.336   15.104
   15.104   51.861

suma =

   63.701   16.713
   16.713   52.110

suma =

   65.010   17.137
   17.137   52.248

suma =

   65.018   17.139
   17.139   52.248

suma =

   67.287   16.809
   16.809   52.296

suma =

   69.859   18.802
   18.802   53.840

suma =

   70.609   19.345
   19.345   54.233

suma =

   70.617   19.386
   19.386   54.439

suma =

   70.993   20.195
   20.195   56.184

suma =

   71.890   19.418
   19.418   56.857

suma =

   71.966   19.430
   19.430   56.859

suma =

   72.242   20.086
   20.086   58.413

suma =

   73.436   20.270
   20.270   58.441

suma =

   73.522   20.262
   20.262   58.442

suma =

   73.762   20.155
   20.155   58.490

suma =

   77.071   19.000
   19.000   58.893

suma =

   77.241   18.394
   18.394   61.044

suma =

   77.312   18.520
   18.520   61.265

suma =

   77.591   18.941
   18.941   61.902

suma =

   77.596   19.060
   19.060   64.448

suma =

   77.597   19.078
   19.078   64.794

suma =

   77.597   19.081
   19.081   64.920

suma =

   80.873   21.540
   21.540   66.765

suma =

   80.884   21.451
   21.451   67.510

suma =

   91.103   26.301
   26.301   69.812

suma =

   91.131   26.301
   26.301   69.812

suma =

   94.059   26.021
   26.021   69.838

suma =

   95.245   26.610
   26.610   70.131

suma =

   96.829   25.672
   25.672   70.686

suma =

   97.109   25.274
   25.274   71.252

suma =

   97.358   25.028
   25.028   71.496

suma =

   97.386   25.045
   25.045   71.507

suma =

   98.953   25.963
   25.963   72.044

suma =

   102.332    26.290
    26.290    72.075

suma =

   102.383    26.213
    26.213    72.193

suma =

   102.383    26.207
    26.207    72.644

suma =

   104.465    25.237
    25.237    73.095

suma =

   104.545    24.923
    24.923    74.320

suma =

   104.723    24.771
    24.771    74.450

suma =

   104.735    24.641
    24.641    75.878

suma =

   105.843    24.967
    24.967    75.974

suma =

   106.996    23.931
    23.931    76.906

suma =

   107.587    24.383
    24.383    77.251

suma =

   107.619    24.261
    24.261    77.716

suma =

   107.751    24.788
    24.788    79.822

suma =

   110.382    26.438
    26.438    80.858

suma =

   110.857    26.861
    26.861    81.234

suma =

   110.861    26.799
    26.799    82.242

suma =

   111.448    26.062
    26.062    83.167

suma =

   113.336    27.032
    27.032    83.665

suma =

   114.101    26.816
    26.816    83.726

suma =

   114.142    26.742
    26.742    83.860

suma =

   115.163    26.890
    26.890    83.881

suma =

   115.390    28.211
    28.211    91.586

suma =

   117.324    27.053
    27.053    92.279

suma =

   117.363    27.222
    27.222    93.020

suma =

   117.366    27.262
    27.262    93.434

suma =

   119.023    28.352
    28.352    94.152

suma =

   119.274    28.402
    28.402    94.162

suma =

   119.746    28.837
    28.837    94.564

suma =

   119.894    28.474
    28.474    95.453

suma =

   121.335    30.607
    30.607    98.611

suma =

   121.479    30.440
    30.440    98.804

suma =

   121.483    30.387
    30.387    99.514

suma =

   121.744    31.103
    31.103   101.481

suma =

   122.607    31.597
    31.597   101.762

suma =

   122.608    31.620
    31.620   103.253

suma =

   122.754    30.996
    30.996   105.924

suma =

   123.074    31.030
    31.030   105.928

suma =

   123.124    30.831
    30.831   106.715

suma =

   123.165    30.637
    30.637   107.628

suma =

   123.895    30.080
    30.080   108.053

suma =

   123.991    29.605
    29.605   110.408

suma =

   124.394    29.541
    29.541   110.418

suma =

   124.396    29.568
    29.568   110.741

suma =

   124.463    29.410
    29.410   111.111

suma =

   130.357    29.997
    29.997   111.170

suma =

   133.871    31.230
    31.230   111.602

suma =

   134.516    32.340
    32.340   113.515

suma =

   135.686    32.525
    32.525   113.544

suma =

   140.936    33.507
    33.507   113.727

suma =

   142.364    33.992
    33.992   113.892

suma =

   142.574    33.329
    33.329   115.980

suma =

   142.778    33.541
    33.541   116.199

suma =

   144.830    33.355
    33.355   116.216

suma =

   146.988    35.490
    35.490   118.330

suma =

   147.091    35.565
    35.565   118.384

suma =

   148.372    35.516
    35.516   118.386

suma =

   149.338    35.653
    35.653   118.405

suma =

   149.952    35.436
    35.436   118.482

suma =

   151.709    35.921
    35.921   118.616

suma =

   151.790    36.004
    36.004   118.701

suma =

   152.098    36.738
    36.738   120.449

suma =

   154.729    35.818
    35.818   120.771

suma =

   154.736    35.675
    35.675   123.859

suma =

   156.050    38.374
    38.374   129.404

suma =

   156.191    38.473
    38.473   129.474

suma =

   157.102    38.025
    38.025   129.695

suma =

   157.171    38.257
    38.257   130.480

suma =

   158.282    39.024
    39.024   131.010

suma =

   158.489    39.383
    39.383   131.630

suma =

   159.173    38.271
    38.271   133.436

suma =

   159.883    37.970
    37.970   133.565

suma =

   163.682    42.476
    42.476   138.909

suma =

   163.773    42.793
    42.793   140.016

suma =

   167.397    43.831
    43.831   140.313

suma =

   167.504    44.269
    44.269   142.097

suma =

   168.025    45.391
    45.391   144.513

suma =

   169.011    45.501
    45.501   144.525

suma =

   169.229    45.553
    45.553   144.537

suma =

   170.437    44.646
    44.646   145.218

suma =

   170.442    44.669
    44.669   145.314

suma =

   171.171    45.539
    45.539   146.352

suma =

   171.190    45.569
    45.569   146.399

