pred_size =

   207     1

pred_size =

   207     1

pred_size =

   207     1

pred_size =

   207     1

pred_size =

   207     1

pred_size =

   207     1

pred_size =

   207     1

pred_size =

   207     1

pred_size =

   207     1

pred_size =

   207     1

pred_size =

   207     1

pred_size =

   207     1

pred_size =

   207     1

pred_size =

   207     1

pred_size =

   207     1

pred_size =

   207     1

pred_size =

   207     1

pred_size =

   207     1

pred_size =

   207     1

pred_size =

   207     1

pred_size =

   207     1

pred_size =

   207     1

pred_size =

   207     1

pred_size =

   207     1

pred_size =

   207     1

pred_size =

   207     1

pred_size =

   207     1

pred_size =

   207     1

pred_size =

   207     1

pred_size =

   207     1

pred_size =

   207     1

pred_size =

   207     1

pred_size =

   207     1

pred_size =

   207     1

pred_size =

   207     1

pred_size =

   207     1

pred_size =

   207     1

pred_size =

   207     1

pred_size =

   207     1

pred_size =

   207     1

pred_size =

   207     1

pred_size =

   207     1

pred_size =

   207     1

pred_size =

   207     1

pred_size =

   207     1

pred_size =

   207     1

pred_size =

   207     1

pred_size =

   207     1

pred_size =

   207     1

pred_size =

   207     1

pred_size =

   207     1

pred_size =

   207     1

pred_size =

   207     1

pred_size =

   207     1

pred_size =

   207     1

pred_size =

   207     1

pred_size =

   207     1

pred_size =

   207     1

pred_size =

   207     1

pred_size =

   207     1

pred_size =

   207     1

pred_size =

   207     1

pred_size =

   207     1

pred_size =

   207     1

pred_size =

   207     1

pred_size =

   207     1

pred_size =

   207     1

pred_size =

   207     1

pred_size =

   207     1

pred_size =

   207     1

pred_size =

   207     1

pred_size =

   207     1

pred_size =

   207     1

pred_size =

   207     1

pred_size =

   207     1

pred_size =

   207     1

pred_size =

   207     1

pred_size =

   207     1

pred_size =

   207     1

pred_size =

   207     1

pred_size =

   207     1

pred_size =

   207     1

pred_size =

   207     1

pred_size =

   207     1

pred_size =

   207     1

pred_size =

   207     1

pred_size =

   207     1

pred_size =

   207     1

pred_size =

   207     1

pred_size =

   207     1

pred_size =

   207     1

pred_size =

   207     1

pred_size =

   207     1

pred_size =

   207     1

pred_size =

   207     1

pred_size =

   207     1

pred_size =

   207     1

pred_size =

   207     1

pred_size =

   207     1

pred_size =

   207     1

pred_size =

   207     1

pred_size =

   207     1

pred_size =

   207     1

pred_size =

   207     1

pred_size =

   207     1

pred_size =

   207     1

pred_size =

   207     1

pred_size =

   207     1

pred_size =

   207     1

pred_size =

   207     1

pred_size =

   207     1

pred_size =

   207     1

pred_size =

   207     1

pred_size =

   207     1

pred_size =

   207     1

pred_size =

   207     1

pred_size =

   207     1

pred_size =

   207     1

pred_size =

   207     1

pred_size =

   207     1

pred_size =

   207     1

pred_size =

   207     1

pred_size =

   207     1

pred_size =

   207     1

pred_size =

   207     1

pred_size =

   207     1

pred_size =

   207     1

pred_size =

   207     1

pred_size =

   207     1

pred_size =

   207     1

pred_size =

   207     1

pred_size =

   207     1

pred_size =

   207     1

pred_size =

   207     1

pred_size =

   207     1

pred_size =

   207     1

pred_size =

   207     1

pred_size =

   207     1

pred_size =

   207     1

pred_size =

   207     1

pred_size =

   207     1

pred_size =

   207     1

pred_size =

   207     1

pred_size =

   207     1

pred_size =

   207     1

pred_size =

   207     1

pred_size =

   207     1

pred_size =

   207     1

pred_size =

   207     1

pred_size =

   207     1

pred_size =

   207     1

pred_size =

   207     1

pred_size =

   207     1

pred_size =

   207     1

pred_size =

   207     1

pred_size =

   207     1

pred_size =

   207     1

pred_size =

   207     1

pred_size =

   207     1

pred_size =

   207     1

pred_size =

   207     1

pred_size =

   207     1

pred_size =

   207     1

pred_size =

   207     1

pred_size =

   207     1

pred_size =

   207     1

pred_size =

   207     1

pred_size =

   207     1

pred_size =

   207     1

pred_size =

   207     1

pred_size =

   207     1

pred_size =

   207     1

pred_size =

   207     1

pred_size =

   207     1

pred_size =

   207     1

pred_size =

   207     1

pred_size =

   207     1

pred_size =

   207     1

pred_size =

   207     1

pred_size =

   207     1

pred_size =

   207     1

pred_size =

   207     1

pred_size =

   207     1

pred_size =

   207     1

pred_size =

   207     1

pred_size =

   207     1

pred_size =

   207     1

pred_size =

   207     1

pred_size =

   207     1

pred_size =

   207     1

pred_size =

   207     1

pred_size =

   207     1

pred_size =

   207     1

pred_size =

   207     1

pred_size =

   207     1

pred_size =

   207     1

pred_size =

   207     1

pred_size =

   207     1

pred_size =

   207     1

pred_size =

   207     1

pred_size =

   207     1

pred_size =

   207     1

pred_size =

   207     1

pred_size =

   207     1

pred_size =

   207     1

pred_size =

   207     1

pred_size =

   207     1

pred_size =

   207     1

pred_size =

   207     1

pred_size =

   207     1

pred_size =

   207     1

pred_size =

   207     1

pred_size =

   207     1

pred_size =

   207     1

pred_size =

   207     1

pred_size =

   207     1

pred_size =

   207     1

pred_size =

   207     1

pred_size =

   207     1

pred_size =

   207     1

pred_size =

   207     1

pred_size =

   207     1

pred_size =

   207     1

pred_size =

   207     1

pred_size =

   207     1

pred_size =

   207     1

pred_size =

   207     1

pred_size =

   207     1

pred_size =

   207     1

pred_size =

   207     1

pred_size =

   207     1

pred_size =

   207     1

pred_size =

   207     1

pred_size =

   207     1

pred_size =

   207     1

pred_size =

   207     1

pred_size =

   207     1

pred_size =

   207     1

pred_size =

   207     1

pred_size =

   207     1

pred_size =

   207     1

pred_size =

   207     1

pred_size =

   207     1

pred_size =

   207     1

pred_size =

   207     1

pred_size =

   207     1

pred_size =

   207     1

pred_size =

   207     1

pred_size =

   207     1

pred_size =

   207     1

pred_size =

   207     1

pred_size =

   207     1

pred_size =

   207     1

pred_size =

   207     1

pred_size =

   207     1

pred_size =

   207     1

pred_size =

   207     1

pred_size =

   207     1

pred_size =

   207     1

pred_size =

   207     1

pred_size =

   207     1

pred_size =

   207     1

pred_size =

   207     1

pred_size =

   207     1

pred_size =

   207     1

pred_size =

   207     1

pred_size =

   207     1

pred_size =

   207     1

pred_size =

   207     1

pred_size =

   207     1

pred_size =

   207     1

pred_size =

   207     1

pred_size =

   207     1

pred_size =

   207     1

pred_size =

   207     1

pred_size =

   207     1

pred_size =

   207     1

pred_size =

   207     1

pred_size =

   207     1

pred_size =

   207     1

pred_size =

   207     1

pred_size =

   207     1

pred_size =

   207     1

pred_size =

   207     1

pred_size =

   207     1

pred_size =

   207     1

pred_size =

   207     1

pred_size =

   207     1

pred_size =

   207     1

pred_size =

   207     1

pred_size =

   207     1

pred_size =

   207     1

pred_size =

   207     1

pred_size =

   207     1

pred_size =

   207     1

pred_size =

   207     1

