suma =

   0.3321  -0.3003
  -0.3003   0.2715

suma =

   0.3515  -0.2684
  -0.2684   0.3242

suma =

   1.0647   0.9993
   0.9993   2.5774

suma =

   1.0816   1.0354
   1.0354   2.6542

suma =

   2.5428   2.3741
   2.3741   3.8807

suma =

   4.8217   4.5988
   4.5988   6.0526

suma =

   5.0764   4.3757
   4.3757   6.2482

suma =

   5.5525   4.5981
   4.5981   6.3521

suma =

   5.7713   4.4087
   4.4087   6.5160

suma =

   5.9035   4.6355
   4.6355   6.9050

suma =

   7.8680   4.1008
   4.1008   7.0505

suma =

   7.8906   4.1386
   4.1386   7.1140

suma =

   9.2637   4.3659
   4.3659   7.1516

suma =

   10.7953    4.2930
    4.2930    7.1551

suma =

   14.3914    6.6450
    6.6450    8.6933

suma =

   15.0328    7.6701
    7.6701   10.3318

suma =

   17.7879    9.0544
    9.0544   11.0274

suma =

   17.7896    9.0779
    9.0779   11.3583

suma =

   17.9591    8.7588
    8.7588   11.9589

suma =

   17.9685    8.7983
    8.7983   12.1243

suma =

   18.1234    8.3974
    8.3974   13.1616

suma =

   19.1349    8.7558
    8.7558   13.2886

suma =

   19.2835    8.8666
    8.8666   13.3712

suma =

   19.2868    8.8881
    8.8881   13.5131

suma =

   19.6361    9.3116
    9.3116   14.0265

suma =

   19.7208    8.9759
    8.9759   15.3586

suma =

   23.2376    8.3666
    8.3666   15.4641

suma =

   23.2376    8.3680
    8.3680   16.2695

suma =

   23.3158    8.5570
    8.5570   16.7262

suma =

   24.977   10.136
   10.136   18.227

suma =

   25.738   10.144
   10.144   18.227

suma =

   25.947   10.445
   10.445   18.661

suma =

   26.070   10.542
   10.542   18.739

suma =

   26.070   10.542
   10.542   18.746

suma =

   26.248   10.802
   10.802   19.126

suma =

   26.249   10.789
   10.789   19.357

suma =

   26.249   10.789
   10.789   19.465

suma =

   26.268   10.785
   10.785   19.466

suma =

   26.687   10.938
   10.938   19.521

suma =

   26.694   11.033
   11.033   20.795

suma =

   27.442   10.632
   10.632   21.009

suma =

   27.458   10.634
   10.634   21.009

suma =

   28.908   12.831
   12.831   24.336

suma =

   28.983   13.291
   13.291   27.176

suma =

   29.008   13.576
   13.576   30.485

suma =

   29.770   13.269
   13.269   30.608

suma =

   29.948   14.028
   14.028   33.858

suma =

   30.095   14.198
   14.198   34.055

suma =

   32.544   16.490
   16.490   36.200

suma =

   33.911   19.508
   19.508   42.857

suma =

   34.195   19.601
   19.601   42.888

suma =

   35.201   21.741
   21.741   47.436

suma =

   35.221   21.834
   21.834   47.869

suma =

   37.581   21.518
   21.518   47.911

suma =

   37.627   21.619
   21.619   48.137

suma =

   37.649   21.572
   21.572   48.234

suma =

   38.190   21.994
   21.994   48.562

suma =

   38.190   21.990
   21.990   48.588

suma =

   41.660   23.115
   23.115   48.953

suma =

   42.084   22.740
   22.740   49.285

suma =

   42.205   22.749
   22.749   49.285

suma =

   43.890   21.900
   21.900   49.713

suma =

   44.095   21.854
   21.854   49.724

suma =

   45.687   22.550
   22.550   50.029

suma =

   47.697   23.257
   23.257   50.277

suma =

   47.771   23.096
   23.096   50.624

suma =

   48.022   23.379
   23.379   50.944

suma =

   48.814   23.289
   23.289   50.954

suma =

   48.898   23.222
   23.222   51.008

suma =

   48.908   23.154
   23.154   51.456

suma =

   49.697   23.515
   23.515   51.621

suma =

   50.245   23.726
   23.726   51.702

suma =

   50.310   23.737
   23.737   51.703

suma =

   53.306   24.382
   24.382   51.842

suma =

   53.345   24.286
   24.286   52.081

suma =

   56.249   25.477
   25.477   52.569

suma =

   59.059   27.155
   27.155   53.571

suma =

   59.386   26.637
   26.637   54.391

suma =

   59.723   27.475
   27.475   56.473

suma =

   60.008   27.527
   27.527   56.483

suma =

   63.341   27.976
   27.976   56.543

suma =

   63.869   27.176
   27.176   57.758

suma =

   64.880   28.064
   28.064   58.538

suma =

   66.469   28.943
   28.943   59.024

suma =

   68.236   29.505
   29.505   59.203

suma =

   68.377   29.411
   29.411   59.266

suma =

   70.854   31.046
   31.046   60.345

suma =

   71.317   30.580
   30.580   60.814

suma =

   72.413   32.348
   32.348   63.666

suma =

   80.686   32.015
   32.015   63.680

suma =

   80.742   32.141
   32.141   63.962

suma =

   82.183   34.024
   34.024   66.421

suma =

   83.506   33.859
   33.859   66.442

suma =

   83.509   33.746
   33.746   71.293

suma =

   83.512   33.905
   33.905   79.224

suma =

   87.068   34.449
   34.449   79.308

suma =

   87.558   35.099
   35.099   80.168

suma =

   88.615   33.852
   33.852   81.640

suma =

   88.686   33.847
   33.847   81.641

suma =

   90.645   36.324
   36.324   84.771

suma =

   92.060   35.790
   35.790   84.973

suma =

   92.069   35.728
   35.728   85.390

suma =

   92.158   35.705
   35.705   85.396

suma =

   92.397   35.731
   35.731   85.399

suma =

   92.565   35.052
   35.052   88.158

suma =

   92.805   34.628
   34.628   88.906

suma =

   93.896   35.660
   35.660   89.883

suma =

   94.559   35.280
   35.280   90.102

suma =

   98.175   36.596
   36.596   90.582

suma =

   98.213   36.616
   36.616   90.592

suma =

   98.754   36.077
   36.077   91.129

suma =

   98.767   35.881
   35.881   94.235

suma =

   99.282   36.180
   36.180   94.409

suma =

   100.376    37.041
    37.041    95.087

suma =

   102.442    38.774
    38.774    96.541

suma =

   102.446    38.798
    38.798    96.662

suma =

   102.994    38.394
    38.394    96.960

suma =

   103.530    38.886
    38.886    97.414

suma =

   103.820    39.224
    39.224    97.805

suma =

   104.867    39.880
    39.880    98.216

suma =

   105.041    40.444
    40.444   100.053

suma =

   105.058    40.447
    40.447   100.053

suma =

   109.310    43.219
    43.219   101.860

suma =

   109.553    43.903
    43.903   103.788

suma =

   109.831    43.881
    43.881   103.789

suma =

   112.100    41.238
    41.238   106.869

suma =

   113.291    42.068
    42.068   107.447

suma =

   123.958    43.825
    43.825   107.737

suma =

   125.376    44.313
    44.313   107.905

suma =

   125.393    44.320
    44.320   107.908

suma =

   127.805    44.040
    44.040   107.940

suma =

   130.230    45.915
    45.915   109.390

suma =

   131.063    46.523
    46.523   109.832

suma =

   131.082    46.590
    46.590   110.075

suma =

   131.516    47.486
    47.486   111.924

suma =

   132.504    46.709
    46.709   112.535

suma =

   132.556    46.710
    46.710   112.535

suma =

   132.884    47.446
    47.446   114.186

suma =

   134.181    47.682
    47.682   114.229

suma =

   134.243    47.666
    47.666   114.233

suma =

   134.531    47.569
    47.569   114.266

suma =

   138.010    46.456
    46.456   114.622

suma =

   138.222    45.800
    45.800   116.661

suma =

   138.270    45.895
    45.895   116.847

suma =

   138.502    46.261
    46.261   117.424

suma =

   138.502    46.305
    46.305   119.848

suma =

   138.508    46.352
    46.352   120.241

suma =

   138.511    46.375
    46.375   120.396

suma =

   141.621    48.702
    48.702   122.138

suma =

   141.644    48.579
    48.579   122.818

suma =

   152.162    53.624
    53.624   125.238

suma =

   152.209    53.633
    53.633   125.239

suma =

   155.298    53.413
    53.413   125.255

suma =

   156.385    53.937
    53.937   125.507

suma =

   157.854    52.986
    52.986   126.122

suma =

   158.185    52.576
    52.576   126.631

suma =

   158.483    52.327
    52.327   126.838

suma =

   158.497    52.336
    52.336   126.843

suma =

   159.950    53.172
    53.172   127.325

suma =

   163.160    53.422
    53.422   127.344

suma =

   163.234    53.340
    53.340   127.436

suma =

   163.235    53.367
    53.367   127.940

suma =

   165.454    52.423
    52.423   128.342

suma =

   165.510    52.151
    52.151   129.653

