pred_size =

   227     1

pred_size =

   227     1

pred_size =

   227     1

pred_size =

   227     1

pred_size =

   227     1

pred_size =

   227     1

pred_size =

   227     1

pred_size =

   227     1

pred_size =

   227     1

pred_size =

   227     1

pred_size =

   227     1

pred_size =

   227     1

pred_size =

   227     1

pred_size =

   227     1

pred_size =

   227     1

pred_size =

   227     1

pred_size =

   227     1

pred_size =

   227     1

pred_size =

   227     1

pred_size =

   227     1

pred_size =

   227     1

pred_size =

   227     1

pred_size =

   227     1

pred_size =

   227     1

pred_size =

   227     1

pred_size =

   227     1

pred_size =

   227     1

pred_size =

   227     1

pred_size =

   227     1

pred_size =

   227     1

pred_size =

   227     1

pred_size =

   227     1

pred_size =

   227     1

pred_size =

   227     1

pred_size =

   227     1

pred_size =

   227     1

pred_size =

   227     1

pred_size =

   227     1

pred_size =

   227     1

pred_size =

   227     1

pred_size =

   227     1

pred_size =

   227     1

pred_size =

   227     1

pred_size =

   227     1

pred_size =

   227     1

pred_size =

   227     1

pred_size =

   227     1

pred_size =

   227     1

pred_size =

   227     1

pred_size =

   227     1

pred_size =

   227     1

pred_size =

   227     1

pred_size =

   227     1

pred_size =

   227     1

pred_size =

   227     1

pred_size =

   227     1

pred_size =

   227     1

pred_size =

   227     1

pred_size =

   227     1

pred_size =

   227     1

pred_size =

   227     1

pred_size =

   227     1

pred_size =

   227     1

pred_size =

   227     1

pred_size =

   227     1

pred_size =

   227     1

pred_size =

   227     1

pred_size =

   227     1

pred_size =

   227     1

pred_size =

   227     1

pred_size =

   227     1

pred_size =

   227     1

pred_size =

   227     1

pred_size =

   227     1

pred_size =

   227     1

pred_size =

   227     1

pred_size =

   227     1

pred_size =

   227     1

pred_size =

   227     1

pred_size =

   227     1

pred_size =

   227     1

pred_size =

   227     1

pred_size =

   227     1

pred_size =

   227     1

pred_size =

   227     1

pred_size =

   227     1

pred_size =

   227     1

pred_size =

   227     1

pred_size =

   227     1

pred_size =

   227     1

pred_size =

   227     1

pred_size =

   227     1

pred_size =

   227     1

pred_size =

   227     1

pred_size =

   227     1

pred_size =

   227     1

pred_size =

   227     1

pred_size =

   227     1

pred_size =

   227     1

pred_size =

   227     1

pred_size =

   227     1

pred_size =

   227     1

pred_size =

   227     1

pred_size =

   227     1

pred_size =

   227     1

pred_size =

   227     1

pred_size =

   227     1

pred_size =

   227     1

pred_size =

   227     1

pred_size =

   227     1

pred_size =

   227     1

pred_size =

   227     1

pred_size =

   227     1

pred_size =

   227     1

pred_size =

   227     1

pred_size =

   227     1

pred_size =

   227     1

pred_size =

   227     1

pred_size =

   227     1

pred_size =

   227     1

pred_size =

   227     1

pred_size =

   227     1

pred_size =

   227     1

pred_size =

   227     1

pred_size =

   227     1

pred_size =

   227     1

pred_size =

   227     1

pred_size =

   227     1

pred_size =

   227     1

pred_size =

   227     1

pred_size =

   227     1

pred_size =

   227     1

pred_size =

   227     1

pred_size =

   227     1

pred_size =

   227     1

pred_size =

   227     1

pred_size =

   227     1

pred_size =

   227     1

pred_size =

   227     1

pred_size =

   227     1

pred_size =

   227     1

pred_size =

   227     1

pred_size =

   227     1

pred_size =

   227     1

pred_size =

   227     1

pred_size =

   227     1

pred_size =

   227     1

pred_size =

   227     1

pred_size =

   227     1

pred_size =

   227     1

pred_size =

   227     1

pred_size =

   227     1

pred_size =

   227     1

pred_size =

   227     1

pred_size =

   227     1

pred_size =

   227     1

pred_size =

   227     1

pred_size =

   227     1

pred_size =

   227     1

pred_size =

   227     1

pred_size =

   227     1

pred_size =

   227     1

pred_size =

   227     1

pred_size =

   227     1

pred_size =

   227     1

pred_size =

   227     1

pred_size =

   227     1

pred_size =

   227     1

pred_size =

   227     1

pred_size =

   227     1

pred_size =

   227     1

pred_size =

   227     1

pred_size =

   227     1

pred_size =

   227     1

pred_size =

   227     1

pred_size =

   227     1

pred_size =

   227     1

pred_size =

   227     1

pred_size =

   227     1

pred_size =

   227     1

pred_size =

   227     1

pred_size =

   227     1

pred_size =

   227     1

pred_size =

   227     1

pred_size =

   227     1

pred_size =

   227     1

pred_size =

   227     1

pred_size =

   227     1

pred_size =

   227     1

pred_size =

   227     1

pred_size =

   227     1

pred_size =

   227     1

pred_size =

   227     1

pred_size =

   227     1

pred_size =

   227     1

pred_size =

   227     1

pred_size =

   227     1

pred_size =

   227     1

pred_size =

   227     1

pred_size =

   227     1

pred_size =

   227     1

pred_size =

   227     1

pred_size =

   227     1

pred_size =

   227     1

pred_size =

   227     1

pred_size =

   227     1

pred_size =

   227     1

pred_size =

   227     1

pred_size =

   227     1

pred_size =

   227     1

pred_size =

   227     1

pred_size =

   227     1

pred_size =

   227     1

pred_size =

   227     1

pred_size =

   227     1

pred_size =

   227     1

pred_size =

   227     1

pred_size =

   227     1

pred_size =

   227     1

pred_size =

   227     1

pred_size =

   227     1

pred_size =

   227     1

pred_size =

   227     1

pred_size =

   227     1

pred_size =

   227     1

pred_size =

   227     1

pred_size =

   227     1

pred_size =

   227     1

pred_size =

   227     1

pred_size =

   227     1

pred_size =

   227     1

pred_size =

   227     1

pred_size =

   227     1

pred_size =

   227     1

pred_size =

   227     1

pred_size =

   227     1

pred_size =

   227     1

pred_size =

   227     1

pred_size =

   227     1

pred_size =

   227     1

pred_size =

   227     1

pred_size =

   227     1

pred_size =

   227     1

pred_size =

   227     1

pred_size =

   227     1

pred_size =

   227     1

pred_size =

   227     1

pred_size =

   227     1

pred_size =

   227     1

pred_size =

   227     1

pred_size =

   227     1

pred_size =

   227     1

pred_size =

   227     1

pred_size =

   227     1

pred_size =

   227     1

pred_size =

   227     1

pred_size =

   227     1

pred_size =

   227     1

pred_size =

   227     1

pred_size =

   227     1

pred_size =

   227     1

pred_size =

   227     1

pred_size =

   227     1

pred_size =

   227     1

pred_size =

   227     1

pred_size =

   227     1

pred_size =

   227     1

pred_size =

   227     1

pred_size =

   227     1

pred_size =

   227     1

pred_size =

   227     1

pred_size =

   227     1

pred_size =

   227     1

pred_size =

   227     1

pred_size =

   227     1

pred_size =

   227     1

pred_size =

   227     1

pred_size =

   227     1

pred_size =

   227     1

pred_size =

   227     1

pred_size =

   227     1

pred_size =

   227     1

pred_size =

   227     1

pred_size =

   227     1

pred_size =

   227     1

pred_size =

   227     1

pred_size =

   227     1

pred_size =

   227     1

pred_size =

   227     1

pred_size =

   227     1

pred_size =

   227     1

pred_size =

   227     1

pred_size =

   227     1

pred_size =

   227     1

pred_size =

   227     1

pred_size =

   227     1

