suma =

   9.6974e-02  -5.9069e-04
  -5.9069e-04   3.5980e-06

suma =

   1.6848  -0.8591
  -0.8591   0.4642

suma =

   1.8579  -0.9130
  -0.9130   0.4810

suma =

   3.5460  -0.1603
  -0.1603   0.8166

suma =

   5.6643   0.6044
   0.6044   1.0926

suma =

   5.7194   0.4596
   0.4596   1.4729

suma =

   5.9333   0.7084
   0.7084   1.7623

suma =

   6.7945   0.6403
   0.6403   1.7677

suma =

   6.8576   0.5751
   0.5751   1.8350

suma =

   6.8770   0.4858
   0.4858   2.2472

suma =

   7.6001   0.8084
   0.8084   2.3912

suma =

   8.0943   0.9890
   0.9890   2.4572

suma =

   8.1411   0.9925
   0.9925   2.4574

suma =

   11.0085    1.5776
    1.5776    2.5768

suma =

   11.0633    1.4697
    1.4697    2.7895

suma =

   14.0974    2.7345
    2.7345    3.3168

suma =

   17.0351    4.4966
    4.4966    4.3736

suma =

   17.4069    3.9612
    3.9612    5.1446

suma =

   17.7891    4.8702
    4.8702    7.3066

suma =

   18.0353    4.9051
    4.9051    7.3115

suma =

   21.2320    5.2964
    5.2964    7.3594

suma =

   21.7064    4.5187
    4.5187    8.6342

suma =

   22.7949    5.4685
    5.4685    9.4628

suma =

   24.4798    6.4089
    6.4089    9.9877

suma =

   26.3488    7.0246
    7.0246   10.1906

suma =

   26.4632    6.9305
    6.9305   10.2678

suma =

   29.0597    8.6481
    8.6481   11.4040

suma =

   29.5752    8.1760
    8.1760   11.8362

suma =

   30.751   10.037
   10.037   14.782

suma =

   38.8091    9.6315
    9.6315   14.8020

suma =

   38.8491    9.7324
    9.7324   15.0566

suma =

   40.382   11.707
   11.707   17.601

suma =

   41.620   11.518
   11.518   17.630

suma =

   41.620   11.488
   11.488   22.602

suma =

   41.629   11.756
   11.756   30.687

suma =

   45.044   12.239
   12.239   30.755

suma =

   45.589   12.943
   12.943   31.667

suma =

   46.569   11.715
   11.715   33.206

suma =

   46.622   11.705
   11.705   33.208

suma =

   48.688   14.287
   14.287   36.435

suma =

   50.194   13.769
   13.769   36.613

suma =

   50.197   13.730
   13.730   37.066

suma =

   50.309   13.714
   13.714   37.069

suma =

   50.513   13.726
   13.726   37.069

suma =

   50.713   12.995
   12.995   39.739

suma =

   50.992   12.553
   12.553   40.441

suma =

   52.006   13.521
   13.521   41.365

suma =

   52.731   13.146
   13.146   41.560

suma =

   56.492   14.542
   14.542   42.078

suma =

   56.546   14.571
   14.571   42.094

suma =

   57.144   14.025
   14.025   42.591

suma =

   57.150   13.894
   13.894   45.794

suma =

   57.612   14.159
   14.159   45.946

suma =

   58.629   14.962
   14.962   46.580

suma =

   60.587   16.612
   16.612   47.970

suma =

   60.598   16.651
   16.651   48.111

suma =

   61.204   16.247
   16.247   48.380

suma =

   61.686   16.696
   16.696   48.797

suma =

   61.937   16.996
   16.996   49.155

suma =

   62.908   17.601
   17.601   49.532

suma =

   63.115   18.229
   18.229   51.443

suma =

   63.143   18.237
   18.237   51.446

suma =

   67.552   21.117
   21.117   53.327

suma =

   67.759   21.736
   21.736   55.179

suma =

   68.079   21.729
   21.729   55.180

suma =

   70.236   19.111
   19.111   58.355

suma =

   71.346   19.884
   19.884   58.893

suma =

   81.768   21.533
   21.533   59.154

suma =

   83.097   21.974
   21.974   59.300

suma =

   83.106   21.977
   21.977   59.301

suma =

   85.403   21.663
   21.663   59.344

suma =

   87.946   23.626
   23.626   60.860

suma =

   88.712   24.185
   24.185   61.267

suma =

   88.722   24.231
   24.231   61.484

suma =

   89.108   25.059
   25.059   63.259

suma =

   90.022   24.285
   24.285   63.913

suma =

   90.093   24.294
   24.294   63.915

suma =

   90.379   24.967
   24.967   65.497

suma =

   91.592   25.165
   25.165   65.529

suma =

   91.673   25.154
   25.154   65.531

suma =

   91.923   25.050
   25.050   65.574

suma =

   95.263   23.911
   23.911   65.963

suma =

   95.441   23.297
   23.297   68.080

suma =

   95.508   23.415
   23.415   68.291

suma =

   95.777   23.823
   23.823   68.909

suma =

   95.781   23.928
   23.928   71.419

suma =

   95.783   23.951
   23.951   71.778

suma =

   95.783   23.958
   23.958   71.913

suma =

   99.027   26.384
   26.384   73.727

suma =

   99.040   26.289
   26.289   74.453

suma =

   109.315    31.188
    31.188    76.789

suma =

   109.347    31.191
    31.191    76.789

suma =

   112.306    30.929
    30.929    76.812

suma =

   113.472    31.501
    31.501    77.092

suma =

   115.034    30.555
    30.555    77.665

suma =

   115.323    30.157
    30.157    78.214

suma =

   115.581    29.912
    29.912    78.446

suma =

   115.606    29.926
    29.926    78.455

suma =

   117.151    30.823
    30.823    78.976

suma =

   120.498    31.128
    31.128    79.004

suma =

   120.552    31.050
    31.050    79.113

suma =

   120.552    31.051
    31.051    79.579

suma =

   122.660    30.092
    30.092    80.016

suma =

   122.735    29.784
    29.784    81.266

suma =

   122.906    29.630
    29.630    81.405

suma =

   122.920    29.491
    29.491    82.805

suma =

   124.009    29.803
    29.803    82.895

suma =

   125.143    28.763
    28.763    83.848

suma =

   125.748    29.229
    29.229    84.207

suma =

   125.777    29.112
    29.112    84.688

suma =

   125.915    29.655
    29.655    86.827

suma =

   128.517    31.278
    31.278    87.839

suma =

   129.005    31.715
    31.715    88.230

suma =

   129.008    31.661
    31.661    89.261

suma =

   129.581    30.924
    30.924    90.208

suma =

   131.493    31.916
    31.916    90.722

suma =

   132.243    31.692
    31.692    90.789

suma =

   132.280    31.620
    31.620    90.931

suma =

   133.320    31.780
    31.780    90.956

suma =

   133.555    33.132
    33.132    98.724

suma =

   135.514    31.982
    31.982    99.399

suma =

   135.556    32.161
    32.161   100.159

suma =

   135.561    32.207
    32.207   100.588

suma =

   137.195    33.276
    33.276   101.287

suma =

   137.455    33.332
    33.332   101.299

suma =

   137.939    33.781
    33.781   101.715

suma =

   138.094    33.413
    33.413   102.583

suma =

   139.557    35.576
    35.576   105.781

suma =

   139.708    35.409
    35.409   105.965

suma =

   139.713    35.350
    35.350   106.656

suma =

   139.965    36.048
    36.048   108.591

suma =

   140.812    36.526
    36.526   108.861

suma =

   140.812    36.561
    36.561   110.379

suma =

   140.952    35.947
    35.947   113.087

suma =

   141.262    35.974
    35.974   113.090

suma =

   141.316    35.770
    35.770   113.857

suma =

   141.354    35.583
    35.583   114.792

suma =

   142.068    35.022
    35.022   115.232

suma =

   142.170    34.537
    34.537   117.552

suma =

   142.584    34.479
    34.479   117.560

suma =

   142.587    34.512
    34.512   117.896

suma =

   142.659    34.352
    34.352   118.252

suma =

   148.510    34.908
    34.908   118.305

suma =

   152.057    36.169
    36.169   118.753

suma =

   152.688    37.258
    37.258   120.634

suma =

   153.838    37.429
    37.429   120.660

suma =

   159.129    38.440
    38.440   120.853

suma =

   160.579    38.943
    38.943   121.027

suma =

   160.797    38.273
    38.273   123.083

suma =

   160.993    38.475
    38.475   123.291

suma =

   163.072    38.304
    38.304   123.305

suma =

   165.203    40.410
    40.410   125.386

suma =

   165.301    40.480
    40.480   125.435

suma =

   166.561    40.418
    40.418   125.438

suma =

   167.510    40.542
    40.542   125.454

suma =

   168.110    40.319
    40.319   125.537

suma =

   169.843    40.786
    40.786   125.663

suma =

   169.930    40.875
    40.875   125.755

suma =

   170.228    41.591
    41.591   127.473

suma =

   172.888    40.684
    40.684   127.782

suma =

   172.896    40.527
    40.527   130.831

suma =

   174.230    43.260
    43.260   136.429

