pred_size =

   287     1

pred_size =

   287     1

pred_size =

   287     1

pred_size =

   287     1

pred_size =

   287     1

pred_size =

   287     1

pred_size =

   287     1

pred_size =

   287     1

pred_size =

   287     1

pred_size =

   287     1

pred_size =

   287     1

pred_size =

   287     1

pred_size =

   287     1

pred_size =

   287     1

pred_size =

   287     1

pred_size =

   287     1

pred_size =

   287     1

pred_size =

   287     1

pred_size =

   287     1

pred_size =

   287     1

pred_size =

   287     1

pred_size =

   287     1

pred_size =

   287     1

pred_size =

   287     1

pred_size =

   287     1

pred_size =

   287     1

pred_size =

   287     1

pred_size =

   287     1

pred_size =

   287     1

pred_size =

   287     1

pred_size =

   287     1

pred_size =

   287     1

pred_size =

   287     1

pred_size =

   287     1

pred_size =

   287     1

pred_size =

   287     1

pred_size =

   287     1

pred_size =

   287     1

pred_size =

   287     1

pred_size =

   287     1

pred_size =

   287     1

pred_size =

   287     1

pred_size =

   287     1

pred_size =

   287     1

pred_size =

   287     1

pred_size =

   287     1

pred_size =

   287     1

pred_size =

   287     1

pred_size =

   287     1

pred_size =

   287     1

pred_size =

   287     1

pred_size =

   287     1

pred_size =

   287     1

pred_size =

   287     1

pred_size =

   287     1

pred_size =

   287     1

pred_size =

   287     1

pred_size =

   287     1

pred_size =

   287     1

pred_size =

   287     1

pred_size =

   287     1

pred_size =

   287     1

pred_size =

   287     1

pred_size =

   287     1

pred_size =

   287     1

pred_size =

   287     1

pred_size =

   287     1

pred_size =

   287     1

pred_size =

   287     1

pred_size =

   287     1

pred_size =

   287     1

pred_size =

   287     1

pred_size =

   287     1

pred_size =

   287     1

pred_size =

   287     1

pred_size =

   287     1

pred_size =

   287     1

pred_size =

   287     1

pred_size =

   287     1

pred_size =

   287     1

pred_size =

   287     1

pred_size =

   287     1

pred_size =

   287     1

pred_size =

   287     1

pred_size =

   287     1

pred_size =

   287     1

pred_size =

   287     1

pred_size =

   287     1

pred_size =

   287     1

pred_size =

   287     1

pred_size =

   287     1

pred_size =

   287     1

pred_size =

   287     1

pred_size =

   287     1

pred_size =

   287     1

pred_size =

   287     1

pred_size =

   287     1

pred_size =

   287     1

pred_size =

   287     1

pred_size =

   287     1

pred_size =

   287     1

pred_size =

   287     1

pred_size =

   287     1

pred_size =

   287     1

pred_size =

   287     1

pred_size =

   287     1

pred_size =

   287     1

pred_size =

   287     1

pred_size =

   287     1

pred_size =

   287     1

pred_size =

   287     1

pred_size =

   287     1

pred_size =

   287     1

pred_size =

   287     1

pred_size =

   287     1

pred_size =

   287     1

pred_size =

   287     1

pred_size =

   287     1

pred_size =

   287     1

pred_size =

   287     1

pred_size =

   287     1

pred_size =

   287     1

pred_size =

   287     1

pred_size =

   287     1

pred_size =

   287     1

pred_size =

   287     1

pred_size =

   287     1

pred_size =

   287     1

pred_size =

   287     1

pred_size =

   287     1

pred_size =

   287     1

pred_size =

   287     1

pred_size =

   287     1

pred_size =

   287     1

pred_size =

   287     1

pred_size =

   287     1

pred_size =

   287     1

pred_size =

   287     1

pred_size =

   287     1

pred_size =

   287     1

pred_size =

   287     1

pred_size =

   287     1

pred_size =

   287     1

pred_size =

   287     1

pred_size =

   287     1

pred_size =

   287     1

pred_size =

   287     1

pred_size =

   287     1

pred_size =

   287     1

pred_size =

   287     1

pred_size =

   287     1

pred_size =

   287     1

pred_size =

   287     1

pred_size =

   287     1

pred_size =

   287     1

pred_size =

   287     1

pred_size =

   287     1

pred_size =

   287     1

pred_size =

   287     1

pred_size =

   287     1

pred_size =

   287     1

pred_size =

   287     1

pred_size =

   287     1

pred_size =

   287     1

pred_size =

   287     1

pred_size =

   287     1

pred_size =

   287     1

pred_size =

   287     1

pred_size =

   287     1

pred_size =

   287     1

pred_size =

   287     1

pred_size =

   287     1

pred_size =

   287     1

pred_size =

   287     1

pred_size =

   287     1

pred_size =

   287     1

pred_size =

   287     1

pred_size =

   287     1

pred_size =

   287     1

pred_size =

   287     1

pred_size =

   287     1

pred_size =

   287     1

pred_size =

   287     1

pred_size =

   287     1

pred_size =

   287     1

pred_size =

   287     1

pred_size =

   287     1

pred_size =

   287     1

pred_size =

   287     1

pred_size =

   287     1

pred_size =

   287     1

pred_size =

   287     1

pred_size =

   287     1

pred_size =

   287     1

pred_size =

   287     1

pred_size =

   287     1

pred_size =

   287     1

pred_size =

   287     1

pred_size =

   287     1

pred_size =

   287     1

pred_size =

   287     1

pred_size =

   287     1

pred_size =

   287     1

pred_size =

   287     1

pred_size =

   287     1

pred_size =

   287     1

pred_size =

   287     1

pred_size =

   287     1

pred_size =

   287     1

pred_size =

   287     1

pred_size =

   287     1

pred_size =

   287     1

pred_size =

   287     1

pred_size =

   287     1

pred_size =

   287     1

pred_size =

   287     1

pred_size =

   287     1

pred_size =

   287     1

pred_size =

   287     1

pred_size =

   287     1

pred_size =

   287     1

pred_size =

   287     1

pred_size =

   287     1

pred_size =

   287     1

pred_size =

   287     1

pred_size =

   287     1

pred_size =

   287     1

pred_size =

   287     1

pred_size =

   287     1

pred_size =

   287     1

pred_size =

   287     1

pred_size =

   287     1

pred_size =

   287     1

pred_size =

   287     1

pred_size =

   287     1

pred_size =

   287     1

pred_size =

   287     1

pred_size =

   287     1

pred_size =

   287     1

pred_size =

   287     1

pred_size =

   287     1

pred_size =

   287     1

pred_size =

   287     1

pred_size =

   287     1

pred_size =

   287     1

pred_size =

   287     1

pred_size =

   287     1

pred_size =

   287     1

pred_size =

   287     1

pred_size =

   287     1

pred_size =

   287     1

pred_size =

   287     1

pred_size =

   287     1

pred_size =

   287     1

pred_size =

   287     1

pred_size =

   287     1

pred_size =

   287     1

pred_size =

   287     1

pred_size =

   287     1

pred_size =

   287     1

pred_size =

   287     1

pred_size =

   287     1

pred_size =

   287     1

pred_size =

   287     1

pred_size =

   287     1

pred_size =

   287     1

pred_size =

   287     1

pred_size =

   287     1

pred_size =

   287     1

pred_size =

   287     1

pred_size =

   287     1

pred_size =

   287     1

pred_size =

   287     1

pred_size =

   287     1

pred_size =

   287     1

pred_size =

   287     1

pred_size =

   287     1

pred_size =

   287     1

pred_size =

   287     1

pred_size =

   287     1

pred_size =

   287     1

pred_size =

   287     1

pred_size =

   287     1

pred_size =

   287     1

pred_size =

   287     1

pred_size =

   287     1

pred_size =

   287     1

pred_size =

   287     1

pred_size =

   287     1

pred_size =

   287     1

pred_size =

   287     1

pred_size =

   287     1

pred_size =

   287     1

pred_size =

   287     1

pred_size =

   287     1

pred_size =

   287     1

