suma =

   0.1680  -0.4089
  -0.4089   0.9950

suma =

   1.147076  -0.077008
  -0.077008   1.107469

suma =

   1.308438   0.046894
   0.046894   1.202608

suma =

   1.313831   0.076098
   0.076098   1.360760

suma =

   1.6827   0.5240
   0.5240   1.9047

suma =

   1.7581   0.2012
   0.2012   3.2857

suma =

   5.3362  -0.3736
  -0.3736   3.3780

suma =

   5.3365  -0.3572
  -0.3572   4.2215

suma =

   5.4059  -0.1847
  -0.1847   4.6503

suma =

   7.1091   1.4417
   1.4417   6.2034

suma =

   7.8426   1.4311
   1.4311   6.2035

suma =

   8.0369   1.7120
   1.7120   6.6097

suma =

   8.1483   1.7982
   1.7982   6.6764

suma =

   8.1486   1.7971
   1.7971   6.6808

suma =

   8.3405   2.0762
   2.0762   7.0868

suma =

   8.3424   2.0563
   2.0563   7.2984

suma =

   8.3427   2.0623
   2.0623   7.4198

suma =

   8.3664   2.0606
   2.0606   7.4199

suma =

   8.8074   2.2312
   2.2312   7.4859

suma =

   8.8175   2.3467
   2.3467   8.8073

suma =

   9.5375   1.9360
   1.9360   9.0415

suma =

   9.5581   1.9411
   1.9411   9.0427

suma =

   10.9693    4.0829
    4.0829   12.2935

suma =

   11.0352    4.5102
    4.5102   15.0626

suma =

   11.0550    4.7630
    4.7630   18.2954

suma =

   11.7897    4.4440
    4.4440   18.4340

suma =

   11.9534    5.1651
    5.1651   21.6091

suma =

   12.1131    5.3506
    5.3506   21.8247

suma =

   14.6134    7.6995
    7.6995   24.0314

suma =

   15.943   10.651
   10.651   30.581

suma =

   16.210   10.730
   10.730   30.605

suma =

   17.249   12.926
   12.926   35.243

suma =

   17.274   13.033
   13.033   35.704

suma =

   19.684   12.747
   12.747   35.738

suma =

   19.737   12.861
   12.861   35.984

suma =

   19.765   12.812
   12.812   36.068

suma =

   20.329   13.259
   13.259   36.421

suma =

   20.329   13.258
   13.258   36.455

suma =

   23.860   14.432
   14.432   36.845

suma =

   24.263   14.053
   14.053   37.202

suma =

   24.373   14.054
   14.054   37.202

suma =

   26.015   13.189
   13.189   37.657

suma =

   26.207   13.135
   13.135   37.673

suma =

   27.840   13.868
   13.868   38.001

suma =

   29.896   14.612
   14.612   38.271

suma =

   29.962   14.456
   14.456   38.643

suma =

   30.196   14.719
   14.719   38.940

suma =

   31.018   14.647
   14.647   38.946

suma =

   31.092   14.578
   14.578   39.010

suma =

   31.106   14.502
   14.502   39.430

suma =

   31.866   14.838
   14.838   39.579

suma =

   32.391   15.028
   15.028   39.648

suma =

   32.447   15.034
   15.034   39.649

suma =

   35.388   15.637
   15.637   39.772

suma =

   35.433   15.537
   15.537   39.991

suma =

   38.393   16.776
   16.776   40.509

suma =

   41.258   18.506
   18.506   41.553

suma =

   41.604   17.986
   17.986   42.335

suma =

   41.960   18.859
   18.859   44.479

suma =

   42.228   18.899
   18.899   44.485

suma =

   45.502   19.306
   19.306   44.535

suma =

   46.006   18.509
   18.509   45.796

suma =

   47.050   19.433
   19.433   46.614

suma =

   48.680   20.350
   20.350   47.130

suma =

   50.491   20.947
   20.947   47.327

suma =

   50.620   20.850
   20.850   47.401

suma =

   53.148   22.535
   22.535   48.524

suma =

   53.634   22.072
   22.072   48.964

suma =

   54.764   23.890
   23.890   51.889

suma =

   62.943   23.499
   23.499   51.907

suma =

   62.993   23.612
   23.612   52.168

suma =

   64.473   25.545
   25.545   54.693

suma =

   65.759   25.359
   25.359   54.720

suma =

   65.760   25.281
   25.281   59.664

suma =

   65.765   25.488
   25.488   67.715

suma =

   69.260   25.988
   25.988   67.786

suma =

   69.774   26.668
   26.668   68.686

suma =

   70.797   25.420
   25.420   70.210

suma =

   70.860   25.410
   25.410   70.211

suma =

   72.865   27.945
   27.945   73.416

suma =

   74.319   27.429
   27.429   73.600

suma =

   74.325   27.376
   27.376   74.045

suma =

   74.423   27.359
   27.359   74.048

suma =

   74.647   27.374
   27.374   74.049

suma =

   74.828   26.676
   26.676   76.739

suma =

   75.085   26.249
   26.249   77.451

suma =

   76.142   27.244
   27.244   78.387

suma =

   76.831   26.873
   26.873   78.587

suma =

   80.510   28.241
   28.241   79.096

suma =

   80.554   28.267
   28.267   79.111

suma =

   81.120   27.731
   27.731   79.617

suma =

   81.129   27.562
   27.562   82.798

suma =

   81.621   27.840
   27.840   82.954

suma =

   82.681   28.666
   28.666   83.598

suma =

   84.700   30.350
   30.350   85.003

suma =

   84.707   30.380
   30.380   85.139

suma =

   85.280   29.983
   29.983   85.414

suma =

   85.792   30.450
   30.450   85.840

suma =

   86.065   30.766
   30.766   86.205

suma =

   87.079   31.391
   31.391   86.590

suma =

   87.266   31.986
   31.986   88.484

suma =

   87.288   31.993
   31.993   88.486

suma =

   91.608   34.830
   34.830   90.350

suma =

   91.834   35.481
   35.481   92.219

suma =

   92.131   35.471
   35.471   92.220

suma =

   94.351   32.824
   32.824   95.374

suma =

   95.506   33.619
   33.619   95.920

suma =

   106.067    35.299
    35.299    96.188

suma =

   107.447    35.756
    35.756    96.339

suma =

   107.460    35.760
    35.760    96.340

suma =

   109.822    35.451
    35.451    96.380

suma =

   112.297    37.379
    37.379    97.881

suma =

   113.101    37.956
    37.956    98.296

suma =

   113.116    38.013
    38.013    98.519

suma =

   113.529    38.873
    38.873   100.310

suma =

   114.485    38.089
    38.089   100.955

suma =

   114.545    38.095
    38.095   100.955

suma =

   114.854    38.798
    38.798   102.553

suma =

   116.115    39.007
    39.007   102.588

suma =

   116.184    38.995
    38.995   102.590

suma =

   116.455    38.890
    38.890   102.631

suma =

   119.874    37.749
    37.749   103.012

suma =

   120.071    37.107
    37.107   105.111

suma =

   120.127    37.214
    37.214   105.316

suma =

   120.374    37.602
    37.602   105.925

suma =

   120.376    37.672
    37.672   108.416

suma =

   120.380    37.708
    37.708   108.782

suma =

   120.381    37.724
    37.724   108.921

suma =

   123.549    40.110
    40.110   110.719

suma =

   123.567    39.997
    39.997   111.434

suma =

   133.980    44.949
    44.949   113.789

suma =

   134.020    44.953
    44.953   113.790

suma =

   137.052    44.699
    44.699   113.811

suma =

   138.173    45.253
    45.253   114.085

suma =

   139.682    44.316
    44.316   114.667

suma =

   139.994    43.905
    43.905   115.206

suma =

   140.275    43.653
    43.653   115.433

suma =

   140.293    43.665
    43.665   115.441

suma =

   141.786    44.539
    44.539   115.952

suma =

   145.055    44.829
    44.829   115.978

suma =

   145.120    44.746
    44.746   116.084

suma =

   145.120    44.761
    44.761   116.558

suma =

   147.290    43.797
    43.797   116.987

suma =

   147.354    43.511
    43.511   118.251

suma =

   147.508    43.363
    43.363   118.394

suma =

   147.527    43.199
    43.199   119.780

suma =

   148.572    43.499
    43.499   119.866

suma =

   149.661    42.473
    42.473   120.831

suma =

   150.300    42.957
    42.957   121.198

suma =

   150.322    42.854
    42.854   121.687

suma =

   150.476    43.431
    43.431   123.844

suma =

   153.010    45.023
    45.023   124.844

suma =

   153.528    45.477
    45.477   125.242

suma =

   153.529    45.444
    45.444   126.286

suma =

   154.070    44.724
    44.724   127.245

suma =

   156.042    45.740
    45.740   127.768

suma =

   156.755    45.517
    45.517   127.838

suma =

   156.785    45.451
    45.451   127.985

suma =

   157.869    45.621
    45.621   128.012

suma =

   158.125    47.035
    47.035   135.814

suma =

   160.145    45.877
    45.877   136.479

suma =

   160.196    46.076
    46.076   137.250

suma =

   160.204    46.137
    46.137   137.687

suma =

   161.783    47.180
    47.180   138.376

