pred_size =

   267     1

pred_size =

   267     1

pred_size =

   267     1

pred_size =

   267     1

pred_size =

   267     1

pred_size =

   267     1

pred_size =

   267     1

pred_size =

   267     1

pred_size =

   267     1

pred_size =

   267     1

pred_size =

   267     1

pred_size =

   267     1

pred_size =

   267     1

pred_size =

   267     1

pred_size =

   267     1

pred_size =

   267     1

pred_size =

   267     1

pred_size =

   267     1

pred_size =

   267     1

pred_size =

   267     1

pred_size =

   267     1

pred_size =

   267     1

pred_size =

   267     1

pred_size =

   267     1

pred_size =

   267     1

pred_size =

   267     1

pred_size =

   267     1

pred_size =

   267     1

pred_size =

   267     1

pred_size =

   267     1

pred_size =

   267     1

pred_size =

   267     1

pred_size =

   267     1

pred_size =

   267     1

pred_size =

   267     1

pred_size =

   267     1

pred_size =

   267     1

pred_size =

   267     1

pred_size =

   267     1

pred_size =

   267     1

pred_size =

   267     1

pred_size =

   267     1

pred_size =

   267     1

pred_size =

   267     1

pred_size =

   267     1

pred_size =

   267     1

pred_size =

   267     1

pred_size =

   267     1

pred_size =

   267     1

pred_size =

   267     1

pred_size =

   267     1

pred_size =

   267     1

pred_size =

   267     1

pred_size =

   267     1

pred_size =

   267     1

pred_size =

   267     1

pred_size =

   267     1

pred_size =

   267     1

pred_size =

   267     1

pred_size =

   267     1

pred_size =

   267     1

pred_size =

   267     1

pred_size =

   267     1

pred_size =

   267     1

pred_size =

   267     1

pred_size =

   267     1

pred_size =

   267     1

pred_size =

   267     1

pred_size =

   267     1

pred_size =

   267     1

pred_size =

   267     1

pred_size =

   267     1

pred_size =

   267     1

pred_size =

   267     1

pred_size =

   267     1

pred_size =

   267     1

pred_size =

   267     1

pred_size =

   267     1

pred_size =

   267     1

pred_size =

   267     1

pred_size =

   267     1

pred_size =

   267     1

pred_size =

   267     1

pred_size =

   267     1

pred_size =

   267     1

pred_size =

   267     1

pred_size =

   267     1

pred_size =

   267     1

pred_size =

   267     1

pred_size =

   267     1

pred_size =

   267     1

pred_size =

   267     1

pred_size =

   267     1

pred_size =

   267     1

pred_size =

   267     1

pred_size =

   267     1

pred_size =

   267     1

pred_size =

   267     1

pred_size =

   267     1

pred_size =

   267     1

pred_size =

   267     1

pred_size =

   267     1

pred_size =

   267     1

pred_size =

   267     1

pred_size =

   267     1

pred_size =

   267     1

pred_size =

   267     1

pred_size =

   267     1

pred_size =

   267     1

pred_size =

   267     1

pred_size =

   267     1

pred_size =

   267     1

pred_size =

   267     1

pred_size =

   267     1

pred_size =

   267     1

pred_size =

   267     1

pred_size =

   267     1

pred_size =

   267     1

pred_size =

   267     1

pred_size =

   267     1

pred_size =

   267     1

pred_size =

   267     1

pred_size =

   267     1

pred_size =

   267     1

pred_size =

   267     1

pred_size =

   267     1

pred_size =

   267     1

pred_size =

   267     1

pred_size =

   267     1

pred_size =

   267     1

pred_size =

   267     1

pred_size =

   267     1

pred_size =

   267     1

pred_size =

   267     1

pred_size =

   267     1

pred_size =

   267     1

pred_size =

   267     1

pred_size =

   267     1

pred_size =

   267     1

pred_size =

   267     1

pred_size =

   267     1

pred_size =

   267     1

pred_size =

   267     1

pred_size =

   267     1

pred_size =

   267     1

pred_size =

   267     1

pred_size =

   267     1

pred_size =

   267     1

pred_size =

   267     1

pred_size =

   267     1

pred_size =

   267     1

pred_size =

   267     1

pred_size =

   267     1

pred_size =

   267     1

pred_size =

   267     1

pred_size =

   267     1

pred_size =

   267     1

pred_size =

   267     1

pred_size =

   267     1

pred_size =

   267     1

pred_size =

   267     1

pred_size =

   267     1

pred_size =

   267     1

pred_size =

   267     1

pred_size =

   267     1

pred_size =

   267     1

pred_size =

   267     1

pred_size =

   267     1

pred_size =

   267     1

pred_size =

   267     1

pred_size =

   267     1

pred_size =

   267     1

pred_size =

   267     1

pred_size =

   267     1

pred_size =

   267     1

pred_size =

   267     1

pred_size =

   267     1

pred_size =

   267     1

pred_size =

   267     1

pred_size =

   267     1

pred_size =

   267     1

pred_size =

   267     1

pred_size =

   267     1

pred_size =

   267     1

pred_size =

   267     1

pred_size =

   267     1

pred_size =

   267     1

pred_size =

   267     1

pred_size =

   267     1

pred_size =

   267     1

pred_size =

   267     1

pred_size =

   267     1

pred_size =

   267     1

pred_size =

   267     1

pred_size =

   267     1

pred_size =

   267     1

pred_size =

   267     1

pred_size =

   267     1

pred_size =

   267     1

pred_size =

   267     1

pred_size =

   267     1

pred_size =

   267     1

pred_size =

   267     1

pred_size =

   267     1

pred_size =

   267     1

pred_size =

   267     1

pred_size =

   267     1

pred_size =

   267     1

pred_size =

   267     1

pred_size =

   267     1

pred_size =

   267     1

pred_size =

   267     1

pred_size =

   267     1

pred_size =

   267     1

pred_size =

   267     1

pred_size =

   267     1

pred_size =

   267     1

pred_size =

   267     1

pred_size =

   267     1

pred_size =

   267     1

pred_size =

   267     1

pred_size =

   267     1

pred_size =

   267     1

pred_size =

   267     1

pred_size =

   267     1

pred_size =

   267     1

pred_size =

   267     1

pred_size =

   267     1

pred_size =

   267     1

pred_size =

   267     1

pred_size =

   267     1

pred_size =

   267     1

pred_size =

   267     1

pred_size =

   267     1

pred_size =

   267     1

pred_size =

   267     1

pred_size =

   267     1

pred_size =

   267     1

pred_size =

   267     1

pred_size =

   267     1

pred_size =

   267     1

pred_size =

   267     1

pred_size =

   267     1

pred_size =

   267     1

pred_size =

   267     1

pred_size =

   267     1

pred_size =

   267     1

pred_size =

   267     1

pred_size =

   267     1

pred_size =

   267     1

pred_size =

   267     1

pred_size =

   267     1

pred_size =

   267     1

pred_size =

   267     1

pred_size =

   267     1

pred_size =

   267     1

pred_size =

   267     1

pred_size =

   267     1

pred_size =

   267     1

pred_size =

   267     1

pred_size =

   267     1

pred_size =

   267     1

pred_size =

   267     1

pred_size =

   267     1

pred_size =

   267     1

pred_size =

   267     1

pred_size =

   267     1

pred_size =

   267     1

pred_size =

   267     1

pred_size =

   267     1

pred_size =

   267     1

pred_size =

   267     1

pred_size =

   267     1

pred_size =

   267     1

pred_size =

   267     1

pred_size =

   267     1

pred_size =

   267     1

pred_size =

   267     1

pred_size =

   267     1

pred_size =

   267     1

pred_size =

   267     1

pred_size =

   267     1

pred_size =

   267     1

pred_size =

   267     1

pred_size =

   267     1

pred_size =

   267     1

pred_size =

   267     1

pred_size =

   267     1

pred_size =

   267     1

pred_size =

   267     1

pred_size =

   267     1

pred_size =

   267     1

pred_size =

   267     1

pred_size =

   267     1

pred_size =

   267     1

pred_size =

   267     1

