pred_size =

   247     1

pred_size =

   247     1

pred_size =

   247     1

pred_size =

   247     1

pred_size =

   247     1

pred_size =

   247     1

pred_size =

   247     1

pred_size =

   247     1

pred_size =

   247     1

pred_size =

   247     1

pred_size =

   247     1

pred_size =

   247     1

pred_size =

   247     1

pred_size =

   247     1

pred_size =

   247     1

pred_size =

   247     1

pred_size =

   247     1

pred_size =

   247     1

pred_size =

   247     1

pred_size =

   247     1

pred_size =

   247     1

pred_size =

   247     1

pred_size =

   247     1

pred_size =

   247     1

pred_size =

   247     1

pred_size =

   247     1

pred_size =

   247     1

pred_size =

   247     1

pred_size =

   247     1

pred_size =

   247     1

pred_size =

   247     1

pred_size =

   247     1

pred_size =

   247     1

pred_size =

   247     1

pred_size =

   247     1

pred_size =

   247     1

pred_size =

   247     1

pred_size =

   247     1

pred_size =

   247     1

pred_size =

   247     1

pred_size =

   247     1

pred_size =

   247     1

pred_size =

   247     1

pred_size =

   247     1

pred_size =

   247     1

pred_size =

   247     1

pred_size =

   247     1

pred_size =

   247     1

pred_size =

   247     1

pred_size =

   247     1

pred_size =

   247     1

pred_size =

   247     1

pred_size =

   247     1

pred_size =

   247     1

pred_size =

   247     1

pred_size =

   247     1

pred_size =

   247     1

pred_size =

   247     1

pred_size =

   247     1

pred_size =

   247     1

pred_size =

   247     1

pred_size =

   247     1

pred_size =

   247     1

pred_size =

   247     1

pred_size =

   247     1

pred_size =

   247     1

pred_size =

   247     1

pred_size =

   247     1

pred_size =

   247     1

pred_size =

   247     1

pred_size =

   247     1

pred_size =

   247     1

pred_size =

   247     1

pred_size =

   247     1

pred_size =

   247     1

pred_size =

   247     1

pred_size =

   247     1

pred_size =

   247     1

pred_size =

   247     1

pred_size =

   247     1

pred_size =

   247     1

pred_size =

   247     1

pred_size =

   247     1

pred_size =

   247     1

pred_size =

   247     1

pred_size =

   247     1

pred_size =

   247     1

pred_size =

   247     1

pred_size =

   247     1

pred_size =

   247     1

pred_size =

   247     1

pred_size =

   247     1

pred_size =

   247     1

pred_size =

   247     1

pred_size =

   247     1

pred_size =

   247     1

pred_size =

   247     1

pred_size =

   247     1

pred_size =

   247     1

pred_size =

   247     1

pred_size =

   247     1

pred_size =

   247     1

pred_size =

   247     1

pred_size =

   247     1

pred_size =

   247     1

pred_size =

   247     1

pred_size =

   247     1

pred_size =

   247     1

pred_size =

   247     1

pred_size =

   247     1

pred_size =

   247     1

pred_size =

   247     1

pred_size =

   247     1

pred_size =

   247     1

pred_size =

   247     1

pred_size =

   247     1

pred_size =

   247     1

pred_size =

   247     1

pred_size =

   247     1

pred_size =

   247     1

pred_size =

   247     1

pred_size =

   247     1

pred_size =

   247     1

pred_size =

   247     1

pred_size =

   247     1

pred_size =

   247     1

pred_size =

   247     1

pred_size =

   247     1

pred_size =

   247     1

pred_size =

   247     1

pred_size =

   247     1

pred_size =

   247     1

pred_size =

   247     1

pred_size =

   247     1

pred_size =

   247     1

pred_size =

   247     1

pred_size =

   247     1

pred_size =

   247     1

pred_size =

   247     1

pred_size =

   247     1

pred_size =

   247     1

pred_size =

   247     1

pred_size =

   247     1

pred_size =

   247     1

pred_size =

   247     1

pred_size =

   247     1

pred_size =

   247     1

pred_size =

   247     1

pred_size =

   247     1

pred_size =

   247     1

pred_size =

   247     1

pred_size =

   247     1

pred_size =

   247     1

pred_size =

   247     1

pred_size =

   247     1

pred_size =

   247     1

pred_size =

   247     1

pred_size =

   247     1

pred_size =

   247     1

pred_size =

   247     1

pred_size =

   247     1

pred_size =

   247     1

pred_size =

   247     1

pred_size =

   247     1

pred_size =

   247     1

pred_size =

   247     1

pred_size =

   247     1

pred_size =

   247     1

pred_size =

   247     1

pred_size =

   247     1

pred_size =

   247     1

pred_size =

   247     1

pred_size =

   247     1

pred_size =

   247     1

pred_size =

   247     1

pred_size =

   247     1

pred_size =

   247     1

pred_size =

   247     1

pred_size =

   247     1

pred_size =

   247     1

pred_size =

   247     1

pred_size =

   247     1

pred_size =

   247     1

pred_size =

   247     1

pred_size =

   247     1

pred_size =

   247     1

pred_size =

   247     1

pred_size =

   247     1

pred_size =

   247     1

pred_size =

   247     1

pred_size =

   247     1

pred_size =

   247     1

pred_size =

   247     1

pred_size =

   247     1

pred_size =

   247     1

pred_size =

   247     1

pred_size =

   247     1

pred_size =

   247     1

pred_size =

   247     1

pred_size =

   247     1

pred_size =

   247     1

pred_size =

   247     1

pred_size =

   247     1

pred_size =

   247     1

pred_size =

   247     1

pred_size =

   247     1

pred_size =

   247     1

pred_size =

   247     1

pred_size =

   247     1

pred_size =

   247     1

pred_size =

   247     1

pred_size =

   247     1

pred_size =

   247     1

pred_size =

   247     1

pred_size =

   247     1

pred_size =

   247     1

pred_size =

   247     1

pred_size =

   247     1

pred_size =

   247     1

pred_size =

   247     1

pred_size =

   247     1

pred_size =

   247     1

pred_size =

   247     1

pred_size =

   247     1

pred_size =

   247     1

pred_size =

   247     1

pred_size =

   247     1

pred_size =

   247     1

pred_size =

   247     1

pred_size =

   247     1

pred_size =

   247     1

pred_size =

   247     1

pred_size =

   247     1

pred_size =

   247     1

pred_size =

   247     1

pred_size =

   247     1

pred_size =

   247     1

pred_size =

   247     1

pred_size =

   247     1

pred_size =

   247     1

pred_size =

   247     1

pred_size =

   247     1

pred_size =

   247     1

pred_size =

   247     1

pred_size =

   247     1

pred_size =

   247     1

pred_size =

   247     1

pred_size =

   247     1

pred_size =

   247     1

pred_size =

   247     1

pred_size =

   247     1

pred_size =

   247     1

pred_size =

   247     1

pred_size =

   247     1

pred_size =

   247     1

pred_size =

   247     1

pred_size =

   247     1

pred_size =

   247     1

pred_size =

   247     1

pred_size =

   247     1

pred_size =

   247     1

pred_size =

   247     1

pred_size =

   247     1

pred_size =

   247     1

pred_size =

   247     1

pred_size =

   247     1

pred_size =

   247     1

pred_size =

   247     1

pred_size =

   247     1

pred_size =

   247     1

pred_size =

   247     1

pred_size =

   247     1

pred_size =

   247     1

pred_size =

   247     1

pred_size =

   247     1

pred_size =

   247     1

pred_size =

   247     1

pred_size =

   247     1

pred_size =

   247     1

pred_size =

   247     1

pred_size =

   247     1

pred_size =

   247     1

pred_size =

   247     1

pred_size =

   247     1

pred_size =

   247     1

pred_size =

   247     1

pred_size =

   247     1

pred_size =

   247     1

pred_size =

   247     1

pred_size =

   247     1

pred_size =

   247     1

pred_size =

   247     1

pred_size =

   247     1

pred_size =

   247     1

pred_size =

   247     1

pred_size =

   247     1

