suma =

   0.6997  -0.4165
  -0.4165   0.2480

suma =

   0.7239  -0.4089
  -0.4089   0.2504

suma =

   2.1066   1.6947
   1.6947   3.4508

suma =

   2.1664   2.0984
   2.0984   6.1735

suma =

   2.1830   2.3278
   2.3278   9.3560

suma =

   2.8971   2.0013
   2.0013   9.5052

suma =

    3.0512    2.6955
    2.6955   12.6306

suma =

    3.2206    2.8923
    2.8923   12.8594

suma =

    5.7593    5.2815
    5.2815   15.1079

suma =

    7.0615    8.1859
    8.1859   21.5857

suma =

    7.3155    8.2566
    8.2566   21.6054

suma =

    8.3797   10.4928
   10.4928   26.3040

suma =

    8.4086   10.6106
   10.6106   26.7847

suma =

   10.856   10.344
   10.344   26.814

suma =

   10.915   10.467
   10.467   27.074

suma =

   10.947   10.418
   10.418   27.150

suma =

   11.529   10.882
   10.882   27.520

suma =

   11.529   10.883
   10.883   27.559

suma =

   15.106   12.091
   12.091   27.967

suma =

   15.493   11.711
   11.711   28.340

suma =

   15.596   11.708
   11.708   28.340

suma =

   17.208   10.833
   10.833   28.815

suma =

   17.389   10.775
   10.775   28.834

suma =

   19.052   11.532
   11.532   29.179

suma =

   21.144   12.303
   12.303   29.463

suma =

   21.203   12.151
   12.151   29.853

suma =

   21.426   12.401
   12.401   30.134

suma =

   22.270   12.341
   12.341   30.139

suma =

   22.338   12.271
   12.271   30.210

suma =

   22.355   12.189
   12.189   30.612

suma =

   23.094   12.508
   12.508   30.750

suma =

   23.601   12.686
   12.686   30.812

suma =

   23.652   12.687
   12.687   30.812

suma =

   26.551   13.262
   13.262   30.926

suma =

   26.602   13.161
   13.161   31.132

suma =

   29.603   14.432
   14.432   31.671

suma =

   32.509   16.198
   16.198   32.744

suma =

   32.870   15.676
   15.676   33.501

suma =

   33.240   16.576
   16.576   35.686

suma =

   33.496   16.607
   16.607   35.690

suma =

   36.726   16.986
   16.986   35.735

suma =

   37.213   16.193
   16.193   37.027

suma =

   38.283   17.142
   17.142   37.870

suma =

   39.943   18.086
   18.086   38.407

suma =

   41.787   18.708
   18.708   38.617

suma =

   41.908   18.609
   18.609   38.698

suma =

   44.474   20.329
   20.329   39.851

suma =

   44.976   19.869
   19.869   40.273

suma =

   46.132   21.722
   21.722   43.246

suma =

   54.243   21.293
   21.293   43.268

suma =

   54.287   21.397
   21.397   43.515

suma =

   55.797   23.366
   23.366   46.085

suma =

   57.056   23.166
   23.166   46.117

suma =

   57.056   23.115
   23.115   51.123

suma =

   57.063   23.357
   23.357   59.253

suma =

   60.513   23.828
   23.828   59.318

suma =

   61.044   24.530
   24.530   60.245

suma =

   62.043   23.282
   23.282   61.803

suma =

   62.100   23.269
   23.269   61.806

suma =

   64.139   25.846
   25.846   65.061

suma =

   65.622   25.342
   25.342   65.232

suma =

   65.627   25.296
   25.296   65.696

suma =

   65.733   25.283
   25.283   65.698

suma =

   65.946   25.291
   25.291   65.698

suma =

   66.137   24.580
   24.580   68.343

suma =

   66.406   24.149
   24.149   69.031

suma =

   67.439   25.119
   25.119   69.941

suma =

   68.148   24.754
   24.754   70.128

suma =

   71.873   26.158
   26.158   70.657

suma =

   71.922   26.188
   26.188   70.676

suma =

   72.507   25.655
   25.655   71.162

suma =

   72.514   25.506
   25.506   74.393

suma =

   72.989   25.769
   25.769   74.539

suma =

   74.024   26.571
   26.571   75.161

suma =

   76.009   28.221
   28.221   76.532

suma =

   76.018   28.258
   28.258   76.678

suma =

   76.609   27.865
   27.865   76.939

suma =

   77.104   28.314
   28.314   77.347

suma =

   77.365   28.616
   28.616   77.696

suma =

   78.355   29.219
   29.219   78.063

suma =

   78.553   29.837
   29.837   79.996

suma =

   78.578   29.847
   29.847   79.999

suma =

   82.948   32.730
   32.730   81.902

suma =

   83.163   33.358
   33.358   83.733

suma =

   83.473   33.355
   33.355   83.733

suma =

   85.657   30.709
   30.709   86.937

suma =

   86.787   31.480
   31.480   87.463

suma =

   97.270   33.109
   33.109   87.716

suma =

   98.621   33.544
   33.544   87.857

suma =

   98.632   33.546
   33.546   87.857

suma =

   100.956    33.219
    33.219    87.903

suma =

   103.470    35.183
    35.183    89.439

suma =

   104.252    35.741
    35.741    89.836

suma =

   104.264    35.790
    35.790    90.045

suma =

   104.662    36.625
    36.625    91.800

suma =

   105.594    35.837
    35.837    92.467

suma =

   105.660    35.848
    35.848    92.468

suma =

   105.956    36.527
    36.527    94.031

suma =

   107.190    36.719
    36.719    94.061

suma =

   107.266    36.710
    36.710    94.062

suma =

   107.524    36.601
    36.601    94.108

suma =

   110.899    35.441
    35.441    94.507

suma =

   111.085    34.810
    34.810    96.647

suma =

   111.147    34.926
    34.926    96.865

suma =

   111.406    35.331
    35.331    97.496

suma =

   111.410    35.421
    35.421   100.031

suma =

   111.412    35.449
    35.449   100.381

suma =

   111.413    35.459
    35.459   100.509

suma =

   114.623    37.887
    37.887   102.345

suma =

   114.638    37.783
    37.783   103.084

suma =

   124.974    42.671
    42.671   105.396

suma =

   125.009    42.672
    42.672   105.396

suma =

   128.000    42.396
    42.396   105.422

suma =

   129.146    42.971
    42.971   105.711

suma =

   130.685    42.042
    42.042   106.272

suma =

   130.983    41.633
    41.633   106.831

suma =

   131.252    41.379
    41.379   107.072

suma =

   131.273    41.394
    41.394   107.083

suma =

   132.796    42.294
    42.294   107.614

suma =

   136.108    42.611
    42.611   107.645

suma =

   136.167    42.529
    42.529   107.760

suma =

   136.167    42.535
    42.535   108.215

suma =

   138.302    41.559
    41.559   108.662

suma =

   138.372    41.264
    41.264   109.895

suma =

   138.535    41.116
    41.116   110.028

suma =

   138.551    40.965
    40.965   111.447

suma =

   139.621    41.282
    41.282   111.541

suma =

   140.736    40.260
    40.260   112.479

suma =

   141.355    40.725
    40.725   112.829

suma =

   141.381    40.616
    40.616   113.298

suma =

   141.526    41.170
    41.170   115.415

suma =

   144.098    42.796
    42.796   116.443

suma =

   144.599    43.233
    43.233   116.824

suma =

   144.601    43.189
    43.189   117.839

suma =

   145.160    42.467
    42.467   118.771

suma =

   147.098    43.454
    43.454   119.274

suma =

   147.832    43.240
    43.240   119.337

suma =

   147.866    43.172
    43.172   119.473

suma =

   148.925    43.326
    43.326   119.495

suma =

   149.169    44.700
    44.700   127.220

suma =

   151.154    43.531
    43.531   127.907

suma =

   151.200    43.716
    43.716   128.654

suma =

   151.207    43.769
    43.769   129.073

suma =

   152.816    44.839
    44.839   129.785

suma =

   153.086    44.892
    44.892   129.795

suma =

   153.583    45.341
    45.341   130.201

suma =

   153.746    44.962
    44.962   131.084

suma =

   155.231    47.132
    47.132   134.254

suma =

   155.389    46.958
    46.958   134.444

suma =

   155.396    46.890
    46.890   135.149

suma =

   155.639    47.580
    47.580   137.105

suma =

   156.468    48.060
    48.060   137.383

suma =

   156.470    48.106
    48.106   138.882

suma =

   156.602    47.510
    47.510   141.565

suma =

   156.902    47.541
    47.541   141.568

suma =

   156.961    47.327
    47.327   142.350

suma =

   156.995    47.150
    47.150   143.269

suma =

   157.694    46.602
    46.602   143.699

suma =

   157.801    46.100
    46.100   146.043

suma =

   158.228    46.037
    46.037   146.052

suma =

   158.232    46.074
    46.074   146.380

suma =

   158.309    45.906
    45.906   146.745

suma =

   164.114    46.480
    46.480   146.802

